1664882747.252576, 4, E2000020820502290860CF9E, 0.803805932852076, -40, 865700
1664882747.253816, 4, E2000020820502290880CF9A, 4.080388895775806, -63, 865700
1664882747.258309, 4, E2000020820502290860CF9E, 0.7853981633974483, -40, 865700
1664882747.259803, 4, E2000020820502290850CF92, 5.190990986205009, -59, 865700
1664882747.261430, 4, E2000020820502291650D0D2, 0.04908738521234052, -55, 865700
1664882747.262493, 4, E2000020820502291080CFEA, 0.5399612373357456, -68, 865700
1664882747.264309, 4, E2000020820502290880CF9A, 4.147884050442774, -63, 865700
1664882747.265655, 4, E2000020820502291060CFEE, 5.166447293598839, -58, 865700
1664882747.268326, 4, E2000020820502291470D096, 6.062292073724054, -62, 865700
1664882747.273511, 4, E2000020820502291060CFEE, 5.1725832167503825, -58, 865700
1664882747.276789, 4, E2000020820502291080CFEA, 0.4356505437595221, -68, 865700
1664882747.278111, 4, E2000020820502290860CF9E, 0.7976700097005334, -40, 865700
1664882747.279209, 4, E2000020820502290850CF92, 5.246214294568893, -58, 865700
1664882747.280578, 4, E2000020820502291470D096, 6.050020227420969, -62, 865700
1664882747.281884, 4, E2000020820502291650D0D2, 0.030679615757712823, -55, 865700
1664882747.283559, 4, E2000020820502290880CF9A, 4.1417481272912315, -63, 865700
1664882747.288396, 4, E2000020820502291650D0D2, 0.018407769454627694, -55, 865700
1664882747.290056, 4, E2000020820502291060CFEE, 5.197126909356553, -58, 865700
1664882747.291965, 4, E2000020820502290860CF9E, 0.7853981633974483, -40, 865700
1664882747.293320, 4, E2000020820502291470D096, 6.037748381117884, -62, 865700
1664882747.295772, 4, E2000020820502291080CFEA, 0.5767767762450011, -67, 865700
1664882747.296836, 4, E2000020820502290850CF92, 5.227806525114265, -59, 865700
1664882747.298213, 4, E2000020820502290880CF9A, 4.1172044346850605, -63, 865700
1664882747.301858, 4, E2000020820502290850CF92, 5.21553467881118, -58, 865700
1664882747.305016, 4, E2000020820502291470D096, 6.037748381117884, -62, 865700
1664882747.306666, 4, E2000020820502291650D0D2, 0.04295146206079795, -55, 865700
1664882747.308349, 4, E2000020820502290860CF9E, 0.7853981633974483, -40, 865700
1664882747.309992, 4, E2000020820502291080CFEA, 0.5583690067903734, -68, 865700
1664882747.311437, 4, E2000020820502291060CFEE, 5.221670601962723, -58, 865700
1664882747.312660, 4, E2000020820502290880CF9A, 4.172427743048944, -64, 865700
1664882747.315946, 4, E2000020820502291470D096, 6.0991076126333095, -63, 865700
1664882747.318107, 4, E2000020820502291060CFEE, 5.111223985234957, -58, 865700
1664882747.320239, 4, E2000020820502291650D0D2, 0.030679615757712823, -55, 865700
1664882747.321400, 4, E2000020820502291080CFEA, 0.5767767762450011, -68, 865700
1664882747.322467, 4, E2000020820502290860CF9E, 0.7976700097005334, -40, 865700
1664882747.323523, 4, E2000020820502290850CF92, 5.246214294568893, -59, 865700
1664882747.326548, 4, E2000020820502290880CF9A, 4.086524818927348, -63, 865700
1664882747.330267, 4, E2000020820502291650D0D2, 6.258641614573416, -55, 865700
1664882747.331294, 4, E2000020820502291470D096, 5.957981380147831, -62, 865700
1664882747.333129, 4, E2000020820502290860CF9E, 0.7915340865489908, -40, 865700
1664882747.335561, 4, E2000020820502290850CF92, 5.289165756629691, -59, 865700
1664882747.336833, 4, E2000020820502291080CFEA, 0.6442719309119693, -68, 865700
1664882747.340098, 4, E2000020820502290880CF9A, 4.2031073588066565, -63, 865700
1664882747.341683, 4, E2000020820502291060CFEE, 5.117359908386499, -58, 865700
1664882747.345864, 4, E2000020820502291650D0D2, 6.270913460876501, -55, 865700
1664882747.346948, 4, E2000020820502290860CF9E, 0.7853981633974483, -40, 865700
1664882747.349422, 4, E2000020820502290850CF92, 5.184855063053467, -59, 865700
1664882747.350543, 4, E2000020820502290880CF9A, 4.184699589352029, -63, 865700
1664882747.351897, 4, E2000020820502291470D096, 5.957981380147831, -63, 865700
1664882747.354802, 4, E2000020820502291060CFEE, 5.105088062083414, -58, 865700
1664882747.357004, 4, E2000020820502291080CFEA, 0.44178646691106466, -68, 865700
1664882747.361106, 4, E2000020820502291650D0D2, 6.264777537724958, -55, 865700
1664882747.364488, 4, E2000020820502291470D096, 5.93343768754166, -63, 865700
1664882747.365715, 4, E2000020820502290860CF9E, 0.7915340865489908, -40, 865700
1664882747.366775, 4, E2000020820502291060CFEE, 5.129631754689584, -58, 865700
1664882747.367871, 4, E2000020820502290880CF9A, 4.1417481272912315, -63, 865700
1664882747.369430, 4, E2000020820502291080CFEA, 0.5031456984264903, -68, 865700
1664882747.370522, 4, E2000020820502290850CF92, 5.313709449235861, -59, 865700
1664882747.377744, 4, E2000020820502290850CF92, 5.283029833478148, -59, 865700
1664882747.378940, 4, E2000020820502291650D0D2, 6.258641614573416, -55, 865700
1664882747.381116, 4, E2000020820502290860CF9E, 0.7976700097005334, -40, 865700
1664882747.382210, 4, E2000020820502291060CFEE, 5.105088062083414, -58, 865700
1664882747.383695, 4, E2000020820502291470D096, 5.945709533844745, -63, 865700
1664882747.384801, 4, E2000020820502291080CFEA, 0.4049709280018093, -68, 865700
1664882747.386033, 4, E2000020820502290880CF9A, 4.196971435655114, -63, 865700
1664882747.389995, 4, E2000020820502291060CFEE, 5.148039524144211, -58, 865700
1664882747.391112, 4, E2000020820502291080CFEA, 0.5890486225480862, -67, 865700
1664882747.392406, 4, E2000020820502291650D0D2, 0.04295146206079795, -55, 865700
1664882747.395139, 4, E2000020820502290850CF92, 5.313709449235861, -59, 865700
1664882747.396268, 4, E2000020820502291470D096, 6.031612457966341, -63, 865700
1664882747.399163, 4, E2000020820502290880CF9A, 4.221515128261284, -63, 865700
1664882747.400360, 4, E2000020820502290860CF9E, 0.803805932852076, -40, 865700
1664882747.405264, 4, E2000020820502291470D096, 5.945709533844745, -63, 865700
1664882747.406587, 4, E2000020820502290880CF9A, 4.246058820867455, -63, 865700
1664882747.407652, 4, E2000020820502291080CFEA, 0.5583690067903734, -67, 865700
1664882747.411749, 4, E2000020820502291060CFEE, 5.080544369477243, -58, 865700
1664882747.413115, 4, E2000020820502291650D0D2, 0.006135923151542565, -55, 865700
1664882747.414201, 4, E2000020820502290860CF9E, 0.7853981633974483, -40, 865700
1664882747.415508, 4, E2000020820502290850CF92, 5.393476450205914, -59, 865700
1664882747.420514, 4, E2000020820502291470D096, 6.013204688511713, -63, 865700
1664882747.421809, 4, E2000020820502290860CF9E, 0.7915340865489908, -40, 865700
1664882747.422948, 4, E2000020820502290850CF92, 5.338253141842031, -60, 865700
1664882747.426935, 4, E2000020820502291650D0D2, 0.02454369260617026, -55, 865700
1664882747.429489, 4, E2000020820502291060CFEE, 5.129631754689584, -58, 865700
1664882747.430550, 4, E2000020820502291080CFEA, 0.5276893910326605, -68, 865700
1664882747.431900, 4, E2000020820502290880CF9A, 4.172427743048944, -63, 865700
1664882747.435600, 4, E2000020820502290860CF9E, 0.7976700097005334, -40, 865700
1664882747.436654, 4, E2000020820502291650D0D2, 0.006135923151542565, -55, 865700
1664882747.438950, 4, E2000020820502290880CF9A, 4.227651051412827, -63, 865700
1664882747.441113, 4, E2000020820502291470D096, 5.982525072754001, -63, 865700
1664882747.442676, 4, E2000020820502290850CF92, 5.424156065963627, -60, 865700
1664882747.443779, 4, E2000020820502291060CFEE, 5.080544369477243, -58, 865700
1664882747.445093, 4, E2000020820502291080CFEA, 0.48473792897186263, -68, 865700
1664882747.453347, 4, E2000020820502291650D0D2, 0.018407769454627694, -55, 865700
1664882747.454393, 4, E2000020820502291060CFEE, 5.098952138931871, -58, 865700
1664882747.455966, 4, E2000020820502291080CFEA, 0.37429131224409645, -67, 865700
1664882747.457313, 4, E2000020820502290880CF9A, 4.2092432819582, -64, 865700
1664882747.461842, 4, E2000020820502291470D096, 5.988660995905543, -62, 865700
1664882747.463765, 4, E2000020820502290860CF9E, 0.7915340865489908, -40, 865700
1664882747.465729, 4, E2000020820502290850CF92, 5.565282298449106, -60, 865700
1664882747.469977, 4, E2000020820502290860CF9E, 0.7853981633974483, -40, 865700
1664882747.471151, 4, E2000020820502291060CFEE, 5.1725832167503825, -58, 865700
1664882747.472238, 4, E2000020820502291470D096, 6.019340611663256, -62, 865700
1664882747.476243, 4, E2000020820502290850CF92, 5.5100589900852235, -60, 865700
1664882747.477309, 4, E2000020820502291650D0D2, 0.018407769454627694, -55, 865700
1664882747.478418, 4, E2000020820502290880CF9A, 4.172427743048944, -63, 865700
1664882747.479578, 4, E2000020820502291080CFEA, 0.48473792897186263, -67, 865700
1664882747.484441, 4, E2000020820502291650D0D2, 0.01227184630308513, -55, 865700
1664882747.485618, 4, E2000020820502291060CFEE, 5.166447293598839, -58, 865700
1664882747.486707, 4, E2000020820502291080CFEA, 0.6013204688511713, -68, 865700
1664882747.488021, 4, E2000020820502290860CF9E, 0.7915340865489908, -40, 865700
1664882747.491315, 4, E2000020820502290850CF92, 5.565282298449106, -60, 865700
1664882747.492369, 4, E2000020820502291470D096, 6.092971689481767, -63, 865700
1664882747.495552, 4, E2000020820502290880CF9A, 4.196971435655114, -62, 865700
1664882747.499107, 4, E2000020820502291470D096, 5.9518454569962875, -63, 865700
1664882747.502893, 4, E2000020820502291060CFEE, 5.197126909356553, -58, 865700
1664882747.503945, 4, E2000020820502291650D0D2, 0.0, -55, 865700
1664882747.505274, 4, E2000020820502290860CF9E, 0.7976700097005334, -40, 865700
1664882747.507263, 4, E2000020820502290880CF9A, 4.190835512503572, -63, 865700
1664882747.508334, 4, E2000020820502290850CF92, 5.651185222570702, -60, 865700
1664882747.510004, 4, E2000020820502291080CFEA, 0.44178646691106466, -67, 865700
1664882747.514801, 4, E2000020820502291650D0D2, 6.277049384028044, -55, 865700
1664882747.516168, 4, E2000020820502290860CF9E, 0.7915340865489908, -40, 865700
1664882747.517736, 4, E2000020820502290850CF92, 5.663457068873787, -60, 865700
1664882747.519082, 4, E2000020820502290880CF9A, 4.28287435977671, -62, 865700
1664882747.520187, 4, E2000020820502291060CFEE, 5.190990986205009, -59, 865700
1664882747.521265, 4, E2000020820502291080CFEA, 0.6442719309119693, -68, 865700
1664882747.524467, 4, E2000020820502291470D096, 6.105243535784852, -62, 865700
1664882747.530790, 4, E2000020820502291470D096, 6.062292073724054, -63, 865700
1664882747.533230, 4, E2000020820502291060CFEE, 5.178719139901925, -58, 865700
1664882747.534922, 4, E2000020820502291650D0D2, 0.0, -55, 865700
1664882747.536269, 4, E2000020820502291080CFEA, 0.4724660826687775, -68, 865700
1664882747.537325, 4, E2000020820502290860CF9E, 0.7853981633974483, -40, 865700
1664882747.538507, 4, E2000020820502290850CF92, 5.706408530934585, -59, 865700
1664882747.539572, 4, E2000020820502290880CF9A, 4.166291819897402, -63, 865700
1664882747.542594, 4, E2000020820502290880CF9A, 4.331961744989051, -64, 865700
1664882747.545572, 4, E2000020820502290850CF92, 5.6573211457222445, -59, 865700
1664882747.546870, 4, E2000020820502291060CFEE, 5.221670601962723, -59, 865700
1664882747.549042, 4, E2000020820502291080CFEA, 0.5951845456996288, -68, 865700
1664882747.550972, 4, E2000020820502291650D0D2, 0.018407769454627694, -55, 865700
1664882747.552028, 4, E2000020820502290860CF9E, 0.7853981633974483, -40, 865700
1664882747.553755, 4, E2000020820502291470D096, 6.092971689481767, -62, 865700
1664882747.557137, 4, E2000020820502291060CFEE, 5.264622064023521, -58, 865700
1664882747.558925, 4, E2000020820502291650D0D2, 0.018407769454627694, -55, 865700
1664882747.561116, 4, E2000020820502290850CF92, 5.724816300389213, -60, 865700
1664882747.562224, 4, E2000020820502290880CF9A, 4.215379205109742, -63, 865700
1664882747.564672, 4, E2000020820502291470D096, 6.166602767300278, -62, 865700
1664882747.566338, 4, E2000020820502290860CF9E, 0.7853981633974483, -40, 865700
1664882747.567432, 4, E2000020820502291080CFEA, 0.3865631585471816, -67, 865700
1664882747.573375, 4, E2000020820502291060CFEE, 5.252350217720435, -59, 865700
1664882747.574917, 4, E2000020820502290860CF9E, 0.7915340865489908, -40, 865700
1664882747.575999, 4, E2000020820502291650D0D2, 6.264777537724958, -55, 865700
1664882747.578044, 4, E2000020820502290850CF92, 5.712544454086128, -59, 865700
1664882747.579567, 4, E2000020820502291470D096, 6.1850105367549055, -62, 865700
1664882747.582035, 4, E2000020820502290880CF9A, 4.25833066717054, -63, 865700
1664882747.584357, 4, E2000020820502291080CFEA, 0.4724660826687775, -68, 865700
1664882747.587700, 4, E2000020820502290860CF9E, 0.7792622402459057, -40, 865700
1664882747.591407, 4, E2000020820502290880CF9A, 4.25833066717054, -63, 865700
1664882747.593189, 4, E2000020820502291060CFEE, 5.307573526084319, -59, 865700
1664882747.595120, 4, E2000020820502291650D0D2, 6.2463697682703305, -55, 865700
1664882747.596235, 4, E2000020820502291470D096, 6.178874613603362, -62, 865700
1664882747.597488, 4, E2000020820502290850CF92, 5.8045833013592665, -59, 865700
1664882747.598648, 4, E2000020820502291080CFEA, 0.5522330836388308, -68, 865700
1664882747.601602, 4, E2000020820502291470D096, 6.166602767300278, -62, 865700
1664882747.604754, 4, E2000020820502291060CFEE, 5.3627968344482015, -58, 865700
1664882747.606936, 4, E2000020820502291080CFEA, 0.46019423636569234, -68, 865700
1664882747.608148, 4, E2000020820502290850CF92, 5.755495916146925, -59, 865700
1664882747.609474, 4, E2000020820502290860CF9E, 0.7731263170943632, -40, 865700
1664882747.610586, 4, E2000020820502291650D0D2, 6.22182607566416, -55, 865700
1664882747.611838, 4, E2000020820502290880CF9A, 4.301282129231338, -64, 865700
1664882747.615130, 4, E2000020820502290850CF92, 5.816855147662351, -59, 865700
1664882747.616467, 4, E2000020820502291470D096, 6.105243535784852, -62, 865700
1664882747.619828, 4, E2000020820502291080CFEA, 0.619728238305799, -68, 865700
1664882747.621251, 4, E2000020820502290860CF9E, 0.7731263170943632, -40, 865700
1664882747.622327, 4, E2000020820502291060CFEE, 5.418020142812084, -58, 865700
1664882747.623832, 4, E2000020820502291650D0D2, 6.2034183062095325, -55, 865700
1664882747.626035, 4, E2000020820502290880CF9A, 4.295146206079795, -63, 865700
1664882747.631455, 4, E2000020820502291060CFEE, 5.418020142812084, -58, 865700
1664882747.633645, 4, E2000020820502290880CF9A, 4.325825821837508, -64, 865700
1664882747.634682, 4, E2000020820502291650D0D2, 6.1850105367549055, -55, 865700
1664882747.635809, 4, E2000020820502291470D096, 6.105243535784852, -62, 865700
1664882747.637362, 4, E2000020820502290860CF9E, 0.7669903939428205, -40, 865700
1664882747.638729, 4, E2000020820502290850CF92, 5.675728915176872, -59, 865700
1664882747.640187, 4, E2000020820502291080CFEA, 0.32520392703175593, -69, 865700
1664882747.644320, 4, E2000020820502291080CFEA, 0.5583690067903734, -69, 865700
1664882747.647477, 4, E2000020820502290860CF9E, 0.760854470791278, -40, 865700
1664882747.648576, 4, E2000020820502291470D096, 6.056156150572511, -62, 865700
1664882747.649686, 4, E2000020820502290850CF92, 5.663457068873787, -59, 865700
1664882747.652395, 4, E2000020820502291060CFEE, 5.393476450205914, -59, 865700
1664882747.654332, 4, E2000020820502290880CF9A, 4.215379205109742, -63, 865700
1664882747.655895, 4, E2000020820502291650D0D2, 6.22182607566416, -55, 865700
1664882747.661673, 4, E2000020820502291650D0D2, 6.160466844148735, -55, 865700
1664882747.663014, 4, E2000020820502290860CF9E, 0.7669903939428205, -40, 865700
1664882747.664373, 4, E2000020820502291080CFEA, 0.5951845456996288, -69, 865700
1664882747.665713, 4, E2000020820502291470D096, 6.117515382087937, -62, 865700
1664882747.667282, 4, E2000020820502291060CFEE, 5.393476450205914, -58, 865700
1664882747.668390, 4, E2000020820502290880CF9A, 4.319689898685965, -63, 865700
1664882747.671033, 4, E2000020820502290850CF92, 5.632777453116074, -59, 865700
1664882747.675839, 4, E2000020820502291080CFEA, 0.5522330836388308, -69, 865700
1664882747.677370, 4, E2000020820502290880CF9A, 4.270602513473625, -63, 865700
1664882747.679837, 4, E2000020820502291060CFEE, 5.473243451175968, -59, 865700
1664882747.681773, 4, E2000020820502291470D096, 6.056156150572511, -62, 865700
1664882747.683484, 4, E2000020820502290860CF9E, 0.7485826244881929, -40, 865700
1664882747.684567, 4, E2000020820502290850CF92, 5.626641529964532, -58, 865700
1664882747.686499, 4, E2000020820502291650D0D2, 6.129787228391022, -54, 865700
1664882747.691148, 4, E2000020820502291650D0D2, 6.12365130523948, -55, 865700
1664882747.692523, 4, E2000020820502290850CF92, 5.663457068873787, -58, 865700
1664882747.696357, 4, E2000020820502291060CFEE, 5.491651220630596, -59, 865700
1664882747.697677, 4, E2000020820502290880CF9A, 4.399456899656019, -63, 865700
1664882747.699256, 4, E2000020820502290860CF9E, 0.7669903939428205, -40, 865700
1664882747.700303, 4, E2000020820502291080CFEA, 0.5706408530934585, -69, 865700
1664882747.701559, 4, E2000020820502291470D096, 6.031612457966341, -62, 865700
1664882747.707119, 4, E2000020820502291060CFEE, 5.4671075280244255, -58, 865700
1664882747.708834, 4, E2000020820502291080CFEA, 0.5645049299419159, -69, 865700
1664882747.710557, 4, E2000020820502290850CF92, 5.595961914206819, -59, 865700
1664882747.711697, 4, E2000020820502290860CF9E, 0.7547185476397354, -40, 865700
1664882747.712769, 4, E2000020820502291470D096, 5.957981380147831, -61, 865700
1664882747.713865, 4, E2000020820502291650D0D2, 6.154330920997192, -55, 865700
1664882747.716025, 4, E2000020820502290880CF9A, 4.184699589352029, -64, 865700
1664882747.720657, 4, E2000020820502291080CFEA, 0.4970097752749477, -69, 865700
1664882747.723101, 4, E2000020820502290880CF9A, 4.270602513473625, -64, 865700
1664882747.724410, 4, E2000020820502291650D0D2, 6.160466844148735, -54, 865700
1664882747.725520, 4, E2000020820502290850CF92, 5.565282298449106, -58, 865700
1664882747.727072, 4, E2000020820502291470D096, 6.000932842208628, -61, 865700
1664882747.728897, 4, E2000020820502291060CFEE, 5.5100589900852235, -58, 865700
1664882747.729982, 4, E2000020820502290860CF9E, 0.760854470791278, -40, 865700
1664882747.738931, 4, E2000020820502290860CF9E, 0.7547185476397354, -40, 865700
1664882747.740185, 4, E2000020820502291650D0D2, 6.166602767300278, -55, 865700
1664882747.741828, 4, E2000020820502291060CFEE, 5.5100589900852235, -58, 865700
1664882747.743125, 4, E2000020820502291470D096, 5.872078456026235, -62, 865700
1664882747.744208, 4, E2000020820502290850CF92, 5.491651220630596, -59, 865700
1664882747.745666, 4, E2000020820502291080CFEA, 0.5583690067903734, -68, 865700
1664882747.746746, 4, E2000020820502290880CF9A, 4.325825821837508, -63, 865700
1664882747.751063, 4, E2000020820502290880CF9A, 4.25833066717054, -63, 865700
1664882747.752122, 4, E2000020820502291060CFEE, 5.460971604872882, -58, 865700
1664882747.753691, 4, E2000020820502290860CF9E, 0.760854470791278, -40, 865700
1664882747.757079, 4, E2000020820502291080CFEA, 0.7547185476397354, -68, 865700
1664882747.759611, 4, E2000020820502291650D0D2, 6.17273869045182, -54, 865700
1664882747.760677, 4, E2000020820502290850CF92, 5.418020142812084, -59, 865700
1664882747.762401, 4, E2000020820502291470D096, 5.872078456026235, -62, 865700
1664882747.767554, 4, E2000020820502290880CF9A, 4.338097668140593, -64, 865700
1664882747.768651, 4, E2000020820502291650D0D2, 6.154330920997192, -54, 865700
1664882747.770674, 4, E2000020820502291470D096, 6.000932842208628, -62, 865700
1664882747.771983, 4, E2000020820502290860CF9E, 0.7669903939428205, -40, 865700
1664882747.773287, 4, E2000020820502291080CFEA, 0.8774370106705868, -68, 865700
1664882747.775451, 4, E2000020820502291060CFEE, 5.460971604872882, -58, 865700
1664882747.776959, 4, E2000020820502290850CF92, 5.43029198911517, -58, 865700
1664882747.782895, 4, E2000020820502291470D096, 5.902758071783947, -62, 865700
1664882747.784249, 4, E2000020820502290860CF9E, 0.760854470791278, -40, 865700
1664882747.785374, 4, E2000020820502290880CF9A, 4.246058820867455, -63, 865700
1664882747.787471, 4, E2000020820502291080CFEA, 0.7179030087304801, -69, 865700
1664882747.788835, 4, E2000020820502291650D0D2, 6.14819499784565, -54, 865700
1664882747.792481, 4, E2000020820502290850CF92, 5.442563835418255, -59, 865700
1664882747.793614, 4, E2000020820502291060CFEE, 5.5284667595398505, -59, 865700
1664882747.800253, 4, E2000020820502290860CF9E, 0.760854470791278, -40, 865700
1664882747.801314, 4, E2000020820502291080CFEA, 0.6013204688511713, -68, 865700
1664882747.802425, 4, E2000020820502290850CF92, 5.3627968344482015, -59, 865700
1664882747.806566, 4, E2000020820502291060CFEE, 5.393476450205914, -59, 865700
1664882747.808272, 4, E2000020820502291470D096, 5.798447378207723, -63, 865700
1664882747.809366, 4, E2000020820502290880CF9A, 4.28287435977671, -63, 865700
1664882747.811005, 4, E2000020820502291650D0D2, 6.166602767300278, -55, 865700
1664882747.816445, 4, E2000020820502290880CF9A, 4.239922897715912, -63, 865700
1664882747.818115, 4, E2000020820502291080CFEA, 0.7179030087304801, -68, 865700
1664882747.819927, 4, E2000020820502291060CFEE, 5.5284667595398505, -59, 865700
1664882747.821009, 4, E2000020820502290850CF92, 5.393476450205914, -58, 865700
1664882747.822306, 4, E2000020820502291470D096, 5.8475347634200645, -63, 865700
1664882747.823643, 4, E2000020820502291650D0D2, 6.2034183062095325, -55, 865700
1664882747.825977, 4, E2000020820502290860CF9E, 0.7669903939428205, -40, 865700
1664882747.831589, 4, E2000020820502291470D096, 5.743224069843841, -63, 865700
1664882747.832690, 4, E2000020820502290860CF9E, 0.7792622402459057, -40, 865700
1664882747.835869, 4, E2000020820502291080CFEA, 0.9081166264282996, -68, 865700
1664882747.837486, 4, E2000020820502291650D0D2, 6.160466844148735, -54, 865700
1664882747.839486, 4, E2000020820502291060CFEE, 5.45483568172134, -59, 865700
1664882747.840610, 4, E2000020820502290850CF92, 5.313709449235861, -58, 865700
1664882747.842288, 4, E2000020820502290880CF9A, 4.264466590322082, -63, 865700
1664882747.846275, 4, E2000020820502291080CFEA, 0.5338253141842031, -68, 865700
1664882747.847692, 4, E2000020820502290880CF9A, 4.338097668140593, -63, 865700
1664882747.849004, 4, E2000020820502290860CF9E, 0.7792622402459057, -40, 865700
1664882747.853194, 4, E2000020820502290850CF92, 5.387340527054372, -59, 865700
1664882747.854394, 4, E2000020820502291470D096, 5.8045833013592665, -63, 865700
1664882747.856408, 4, E2000020820502291650D0D2, 6.17273869045182, -55, 865700
1664882747.857882, 4, E2000020820502291060CFEE, 5.516194913236766, -59, 865700
1664882747.862522, 4, E2000020820502291080CFEA, 0.42337869745643697, -68, 865700
1664882747.863901, 4, E2000020820502291650D0D2, 6.1850105367549055, -55, 865700
1664882747.865528, 4, E2000020820502291060CFEE, 5.460971604872882, -58, 865700
1664882747.866799, 4, E2000020820502291470D096, 5.859806609723149, -63, 865700
1664882747.868134, 4, E2000020820502290850CF92, 5.387340527054372, -58, 865700
1664882747.869516, 4, E2000020820502290860CF9E, 0.7915340865489908, -40, 865700
1664882747.873054, 4, E2000020820502290880CF9A, 4.264466590322082, -64, 865700
1664882747.878380, 4, E2000020820502291650D0D2, 6.234097921967246, -55, 865700
1664882747.880886, 4, E2000020820502291470D096, 5.7616318392984684, -63, 865700
1664882747.881969, 4, E2000020820502290860CF9E, 0.7853981633974483, -40, 865700
1664882747.883040, 4, E2000020820502290850CF92, 5.50392306693368, -59, 865700
1664882747.884132, 4, E2000020820502290880CF9A, 4.3074180523828804, -63, 865700
1664882747.885672, 4, E2000020820502291060CFEE, 5.473243451175968, -58, 865700
1664882747.886766, 4, E2000020820502291080CFEA, 0.705631162427395, -68, 865700
1664882747.892486, 4, E2000020820502291060CFEE, 5.491651220630596, -59, 865700
1664882747.894155, 4, E2000020820502290860CF9E, 0.7853981633974483, -40, 865700
1664882747.895528, 4, E2000020820502291080CFEA, 0.7792622402459057, -68, 865700
1664882747.897108, 4, E2000020820502291470D096, 5.792311455056181, -63, 865700
1664882747.898203, 4, E2000020820502290880CF9A, 4.086524818927348, -63, 865700
1664882747.901115, 4, E2000020820502290850CF92, 5.497787143782138, -59, 865700
1664882747.903500, 4, E2000020820502291650D0D2, 6.258641614573416, -55, 865700
1664882747.909655, 4, E2000020820502291060CFEE, 5.448699758569798, -59, 865700
1664882747.910743, 4, E2000020820502290860CF9E, 0.7853981633974483, -40, 865700
1664882747.911811, 4, E2000020820502291650D0D2, 6.240233845118788, -55, 865700
1664882747.913922, 4, E2000020820502291080CFEA, 0.5583690067903734, -67, 865700
1664882747.914963, 4, E2000020820502291470D096, 5.7616318392984684, -63, 865700
1664882747.917164, 4, E2000020820502290850CF92, 5.47937937432751, -59, 865700
1664882747.919648, 4, E2000020820502290880CF9A, 4.221515128261284, -64, 865700
1664882747.925181, 4, E2000020820502290880CF9A, 4.301282129231338, -64, 865700
1664882747.926740, 4, E2000020820502291080CFEA, 0.662679700366597, -68, 865700
1664882747.927806, 4, E2000020820502290850CF92, 5.5100589900852235, -59, 865700
1664882747.928875, 4, E2000020820502291470D096, 5.71868037723767, -63, 865700
1664882747.930177, 4, E2000020820502291060CFEE, 5.45483568172134, -58, 865700
1664882747.932469, 4, E2000020820502290860CF9E, 0.7853981633974483, -40, 865700
1664882747.933818, 4, E2000020820502291650D0D2, 6.277049384028044, -55, 865700
1664882747.940453, 4, E2000020820502291060CFEE, 5.4671075280244255, -59, 865700
1664882747.942129, 4, E2000020820502291650D0D2, 0.006135923151542565, -55, 865700
1664882747.943663, 4, E2000020820502291080CFEA, 0.5829126993965437, -68, 865700
1664882747.945597, 4, E2000020820502290850CF92, 5.473243451175968, -59, 865700
1664882747.946952, 4, E2000020820502290860CF9E, 0.7976700097005334, -40, 865700
1664882747.949060, 4, E2000020820502291470D096, 5.835262917116979, -63, 865700
1664882747.950351, 4, E2000020820502290880CF9A, 4.246058820867455, -63, 865700
1664882747.956395, 4, E2000020820502290880CF9A, 4.25833066717054, -63, 865700
1664882747.957408, 4, E2000020820502291650D0D2, 6.264777537724958, -55, 865700
1664882747.958454, 4, E2000020820502291080CFEA, 0.5829126993965437, -68, 865700
1664882747.961224, 4, E2000020820502291470D096, 5.822991070813893, -63, 865700
1664882747.962551, 4, E2000020820502290860CF9E, 0.803805932852076, -40, 865700
1664882747.963846, 4, E2000020820502290850CF92, 5.448699758569798, -59, 865700
1664882747.966412, 4, E2000020820502291060CFEE, 5.473243451175968, -59, 865700
1664882747.970898, 4, E2000020820502291060CFEE, 5.368932757599744, -59, 865700
1664882747.973342, 4, E2000020820502291650D0D2, 0.02454369260617026, -55, 865700
1664882747.976219, 4, E2000020820502291080CFEA, 0.6258641614573416, -68, 865700
1664882747.977403, 4, E2000020820502291470D096, 5.853670686571607, -63, 865700
1664882747.978525, 4, E2000020820502290880CF9A, 4.276738436625168, -63, 865700
1664882747.979623, 4, E2000020820502290860CF9E, 0.803805932852076, -40, 865700
1664882747.981346, 4, E2000020820502290850CF92, 5.516194913236766, -59, 865700
1664882747.985170, 4, E2000020820502290880CF9A, 4.154019973594316, -63, 865700
1664882747.986476, 4, E2000020820502291650D0D2, 6.270913460876501, -55, 865700
1664882747.988599, 4, E2000020820502290860CF9E, 0.803805932852076, -40, 865700
1664882747.989673, 4, E2000020820502291080CFEA, 0.5460971604872883, -68, 865700
1664882747.991849, 4, E2000020820502290850CF92, 5.559146375297564, -58, 865700
1664882747.992938, 4, E2000020820502291060CFEE, 5.43029198911517, -59, 865700
1664882747.993977, 4, E2000020820502291470D096, 5.755495916146925, -63, 865700
1664882748.000714, 4, E2000020820502291470D096, 5.663457068873787, -63, 865700
1664882748.002193, 4, E2000020820502290850CF92, 5.5284667595398505, -58, 865700
1664882748.003514, 4, E2000020820502290880CF9A, 4.147884050442774, -64, 865700
1664882748.005081, 4, E2000020820502290860CF9E, 0.7976700097005334, -40, 865700
1664882748.007388, 4, E2000020820502291060CFEE, 5.424156065963627, -59, 865700
1664882748.008441, 4, E2000020820502291650D0D2, 0.03681553890925539, -55, 865700
1664882748.011160, 4, E2000020820502291080CFEA, 0.5338253141842031, -67, 865700
1664882748.017000, 4, E2000020820502290850CF92, 5.491651220630596, -58, 865700
1664882748.019530, 4, E2000020820502291650D0D2, 0.05522330836388308, -54, 865700
1664882748.020601, 4, E2000020820502290860CF9E, 0.8160777791551611, -40, 865700
1664882748.021702, 4, E2000020820502291080CFEA, 0.5522330836388308, -68, 865700
1664882748.023035, 4, E2000020820502291060CFEE, 5.418020142812084, -59, 865700
1664882748.024969, 4, E2000020820502290880CF9A, 4.196971435655114, -63, 865700
1664882748.026519, 4, E2000020820502291470D096, 5.767767762450011, -63, 865700
1664882748.030673, 4, E2000020820502290860CF9E, 0.803805932852076, -40, 865700
1664882748.032037, 4, E2000020820502290850CF92, 5.522330836388308, -58, 865700
1664882748.034966, 4, E2000020820502291060CFEE, 5.399612373357457, -59, 865700
1664882748.036200, 4, E2000020820502291080CFEA, 0.5706408530934585, -68, 865700
1664882748.037307, 4, E2000020820502291650D0D2, 0.09203884727313846, -54, 865700
1664882748.038645, 4, E2000020820502290880CF9A, 4.23378697456437, -63, 865700
1664882748.040211, 4, E2000020820502291470D096, 5.853670686571607, -63, 865700
1664882748.045556, 4, E2000020820502291060CFEE, 5.3627968344482015, -59, 865700
1664882748.046681, 4, E2000020820502290850CF92, 5.5100589900852235, -58, 865700
1664882748.049568, 4, E2000020820502290860CF9E, 0.8099418560036186, -40, 865700
1664882748.052127, 4, E2000020820502291650D0D2, 0.0859029241215959, -54, 865700
1664882748.053417, 4, E2000020820502290880CF9A, 4.196971435655114, -63, 865700
1664882748.054843, 4, E2000020820502291470D096, 5.8045833013592665, -63, 865700
1664882748.055949, 4, E2000020820502291080CFEA, 0.4479223900626072, -68, 865700
1664882748.059271, 4, E2000020820502290850CF92, 5.436427912266712, -58, 865700
1664882748.061074, 4, E2000020820502291650D0D2, 0.09203884727313846, -54, 865700
1664882748.062830, 4, E2000020820502290860CF9E, 0.8099418560036186, -40, 865700
1664882748.065538, 4, E2000020820502291080CFEA, 0.5829126993965437, -68, 865700
1664882748.066992, 4, E2000020820502291470D096, 5.835262917116979, -63, 865700
1664882748.068549, 4, E2000020820502291060CFEE, 5.368932757599744, -59, 865700
1664882748.069773, 4, E2000020820502290880CF9A, 4.104932588381976, -64, 865700
1664882748.073407, 4, E2000020820502290850CF92, 5.5100589900852235, -58, 865700
1664882748.076549, 4, E2000020820502290860CF9E, 0.8222137023067037, -40, 865700
1664882748.079141, 4, E2000020820502291650D0D2, 0.14726215563702155, -54, 865700
1664882748.080509, 4, E2000020820502290880CF9A, 4.074252972624263, -62, 865700
1664882748.081768, 4, E2000020820502291060CFEE, 5.350524988145116, -59, 865700
1664882748.082854, 4, E2000020820502291470D096, 5.8659425328746915, -63, 865700
1664882748.084083, 4, E2000020820502291080CFEA, 0.4356505437595221, -68, 865700
1664882748.087438, 4, E2000020820502290880CF9A, 4.135612204139688, -63, 865700
1664882748.088957, 4, E2000020820502290850CF92, 5.43029198911517, -58, 865700
1664882748.090928, 4, E2000020820502291080CFEA, 0.5767767762450011, -68, 865700
1664882748.093150, 4, E2000020820502290860CF9E, 0.803805932852076, -40, 865700
1664882748.095056, 4, E2000020820502291650D0D2, 0.11044661672776616, -54, 865700
1664882748.096117, 4, E2000020820502291060CFEE, 5.301437602932776, -59, 865700
1664882748.097232, 4, E2000020820502291470D096, 5.878214379177777, -64, 865700
1664882748.101439, 4, E2000020820502291060CFEE, 5.387340527054372, -59, 865700
1664882748.103580, 4, E2000020820502291080CFEA, 0.5583690067903734, -67, 865700
1664882748.104906, 4, E2000020820502290860CF9E, 0.8099418560036186, -40, 865700
1664882748.106924, 4, E2000020820502290850CF92, 5.473243451175968, -57, 865700
1664882748.108729, 4, E2000020820502291650D0D2, 0.07976700097005335, -54, 865700
1664882748.110334, 4, E2000020820502290880CF9A, 4.123340357836604, -63, 865700
1664882748.112044, 4, E2000020820502291470D096, 5.8475347634200645, -64, 865700
1664882748.118832, 4, E2000020820502291470D096, 5.976389149602458, -63, 865700
1664882748.120209, 4, E2000020820502291650D0D2, 0.1227184630308513, -53, 865700
1664882748.121541, 4, E2000020820502291060CFEE, 5.356660911296659, -59, 865700
1664882748.123134, 4, E2000020820502290850CF92, 5.460971604872882, -57, 865700
1664882748.124688, 4, E2000020820502290860CF9E, 0.8160777791551611, -40, 865700
1664882748.127133, 4, E2000020820502290880CF9A, 4.06811704947272, -63, 865700
1664882748.129913, 4, E2000020820502291080CFEA, 0.662679700366597, -68, 865700
1664882748.133712, 4, E2000020820502291650D0D2, 0.14726215563702155, -54, 865700
1664882748.134780, 4, E2000020820502290850CF92, 5.418020142812084, -57, 865700
1664882748.136962, 4, E2000020820502291060CFEE, 5.325981295538946, -59, 865700
1664882748.138032, 4, E2000020820502290860CF9E, 0.8160777791551611, -40, 865700
1664882748.140056, 4, E2000020820502291470D096, 5.9518454569962875, -63, 865700
1664882748.142724, 4, E2000020820502290880CF9A, 4.0987966652304335, -64, 865700
1664882748.144694, 4, E2000020820502291080CFEA, 0.4540583132141498, -68, 865700
1664882748.148885, 4, E2000020820502290880CF9A, 4.074252972624263, -63, 865700
1664882748.150704, 4, E2000020820502291650D0D2, 0.1227184630308513, -54, 865700
1664882748.153097, 4, E2000020820502291470D096, 5.915029918087033, -64, 865700
1664882748.154403, 4, E2000020820502290850CF92, 5.356660911296659, -57, 865700
1664882748.155956, 4, E2000020820502290860CF9E, 0.8160777791551611, -40, 865700
1664882748.157755, 4, E2000020820502291060CFEE, 5.301437602932776, -59, 865700
1664882748.159087, 4, E2000020820502291080CFEA, 0.4172427743048944, -68, 865700
1664882748.165758, 4, E2000020820502290880CF9A, 4.04357335686655, -64, 865700
1664882748.167314, 4, E2000020820502290860CF9E, 0.7976700097005334, -40, 865700
1664882748.169058, 4, E2000020820502291060CFEE, 5.332117218690489, -59, 865700
1664882748.170635, 4, E2000020820502290850CF92, 5.381204603902829, -57, 865700
1664882748.171709, 4, E2000020820502291080CFEA, 0.4970097752749477, -68, 865700
1664882748.173315, 4, E2000020820502291650D0D2, 0.14726215563702155, -54, 865700
1664882748.177686, 4, E2000020820502291470D096, 5.915029918087033, -63, 865700
1664882748.182358, 4, E2000020820502290850CF92, 5.332117218690489, -58, 865700
1664882748.183894, 4, E2000020820502291470D096, 5.921165841238575, -63, 865700
1664882748.186795, 4, E2000020820502290860CF9E, 0.8160777791551611, -40, 865700
1664882748.188744, 4, E2000020820502291650D0D2, 0.07976700097005335, -54, 865700
1664882748.190173, 4, E2000020820502291060CFEE, 5.283029833478148, -60, 865700
1664882748.191269, 4, E2000020820502290880CF9A, 4.123340357836604, -63, 865700
1664882748.192400, 4, E2000020820502291080CFEA, 0.6135923151542565, -68, 865700
1664882748.196273, 4, E2000020820502290850CF92, 5.356660911296659, -57, 865700
1664882748.198433, 4, E2000020820502291650D0D2, 0.09203884727313846, -54, 865700
1664882748.200581, 4, E2000020820502291470D096, 5.921165841238575, -63, 865700
1664882748.201658, 4, E2000020820502291060CFEE, 5.393476450205914, -59, 865700
1664882748.202964, 4, E2000020820502290880CF9A, 3.988350048502667, -63, 865700
1664882748.204773, 4, E2000020820502290860CF9E, 0.803805932852076, -40, 865700
1664882748.206247, 4, E2000020820502291080CFEA, 0.5092816215780329, -68, 865700
1664882748.210667, 4, E2000020820502291650D0D2, 0.1349903093339364, -53, 865700
1664882748.212022, 4, E2000020820502290860CF9E, 0.7976700097005334, -40, 865700
1664882748.213385, 4, E2000020820502290880CF9A, 4.049709280018092, -63, 865700
1664882748.216525, 4, E2000020820502290850CF92, 5.399612373357457, -57, 865700
1664882748.217584, 4, E2000020820502291080CFEA, 0.5092816215780329, -67, 865700
1664882748.218703, 4, E2000020820502291060CFEE, 5.3627968344482015, -59, 865700
1664882748.220271, 4, E2000020820502291470D096, 6.025476534814799, -63, 865700
1664882748.228361, 4, E2000020820502290860CF9E, 0.8099418560036186, -40, 865700
1664882748.230589, 4, E2000020820502291060CFEE, 5.442563835418255, -59, 865700
1664882748.232145, 4, E2000020820502291080CFEA, 0.4111068511533518, -67, 865700
1664882748.233694, 4, E2000020820502291650D0D2, 0.11044661672776616, -54, 865700
1664882748.235272, 4, E2000020820502290850CF92, 5.325981295538946, -57, 865700
1664882748.237088, 4, E2000020820502290880CF9A, 4.01902966426038, -63, 865700
1664882748.238799, 4, E2000020820502291470D096, 5.921165841238575, -63, 865700
1664882748.244243, 4, E2000020820502291470D096, 6.000932842208628, -63, 865700
1664882748.245845, 4, E2000020820502291060CFEE, 5.399612373357457, -60, 865700
1664882748.249126, 4, E2000020820502291650D0D2, 0.0674951546669682, -53, 865700
1664882748.250457, 4, E2000020820502291080CFEA, 0.4663301595172349, -67, 865700
1664882748.252065, 4, E2000020820502290860CF9E, 0.7976700097005334, -40, 865700
1664882748.253133, 4, E2000020820502290850CF92, 5.307573526084319, -57, 865700
1664882748.254382, 4, E2000020820502290880CF9A, 3.9638063558964967, -63, 865700
1664882748.259288, 4, E2000020820502291080CFEA, 0.4540583132141498, -67, 865700
1664882748.261222, 4, E2000020820502290860CF9E, 0.8160777791551611, -40, 865700
1664882748.262292, 4, E2000020820502290880CF9A, 3.8963112012295285, -63, 865700
1664882748.263383, 4, E2000020820502291650D0D2, 0.1043106935762236, -54, 865700
1664882748.266739, 4, E2000020820502290850CF92, 5.2339424482658075, -57, 865700
1664882748.268069, 4, E2000020820502291060CFEE, 5.375068680751287, -59, 865700
1664882748.269354, 4, E2000020820502291470D096, 5.994796919057086, -63, 865700
1664882748.275574, 4, E2000020820502291060CFEE, 5.393476450205914, -59, 865700
1664882748.278359, 4, E2000020820502290850CF92, 5.258486140871978, -56, 865700
1664882748.279433, 4, E2000020820502290860CF9E, 0.803805932852076, -40, 865700
1664882748.280556, 4, E2000020820502290880CF9A, 4.01902966426038, -64, 865700
1664882748.282685, 4, E2000020820502291650D0D2, 0.05522330836388308, -53, 865700
1664882748.283913, 4, E2000020820502291080CFEA, 0.5460971604872883, -68, 865700
1664882748.285483, 4, E2000020820502291470D096, 5.982525072754001, -63, 865700
1664882748.289157, 4, E2000020820502290880CF9A, 4.04357335686655, -64, 865700
1664882748.291815, 4, E2000020820502290860CF9E, 0.7976700097005334, -40, 865700
1664882748.292926, 4, E2000020820502290850CF92, 5.264622064023521, -57, 865700
1664882748.295859, 4, E2000020820502291060CFEE, 5.424156065963627, -59, 865700
1664882748.298148, 4, E2000020820502291650D0D2, 0.07976700097005335, -53, 865700
1664882748.299258, 4, E2000020820502291470D096, 5.878214379177777, -63, 865700
1664882748.300480, 4, E2000020820502291080CFEA, 0.4172427743048944, -67, 865700
1664882748.306921, 4, E2000020820502290860CF9E, 0.7915340865489908, -40, 865700
1664882748.308628, 4, E2000020820502290850CF92, 5.221670601962723, -57, 865700
1664882748.309725, 4, E2000020820502291650D0D2, 0.07976700097005335, -53, 865700
1664882748.310815, 4, E2000020820502291060CFEE, 5.405748296509, -59, 865700
1664882748.314202, 4, E2000020820502291470D096, 5.945709533844745, -63, 865700
1664882748.315774, 4, E2000020820502290880CF9A, 3.8963112012295285, -63, 865700
1664882748.317118, 4, E2000020820502291080CFEA, 0.4663301595172349, -68, 865700
1664882748.322633, 4, E2000020820502291060CFEE, 5.418020142812084, -59, 865700
1664882748.323721, 4, E2000020820502291080CFEA, 0.5583690067903734, -68, 865700
1664882748.325276, 4, E2000020820502290860CF9E, 0.7976700097005334, -40, 865700
1664882748.326655, 4, E2000020820502290850CF92, 5.203262832508095, -57, 865700
1664882748.328236, 4, E2000020820502291470D096, 5.872078456026235, -63, 865700
1664882748.330294, 4, E2000020820502291650D0D2, 0.07976700097005335, -53, 865700
1664882748.332499, 4, E2000020820502290880CF9A, 4.000621894805752, -63, 865700
1664882748.337057, 4, E2000020820502290850CF92, 5.160311370447297, -57, 865700
1664882748.339125, 4, E2000020820502291080CFEA, 0.5399612373357456, -68, 865700
1664882748.341106, 4, E2000020820502290860CF9E, 0.8160777791551611, -40, 865700
1664882748.343083, 4, E2000020820502291650D0D2, 0.05522330836388308, -53, 865700
1664882748.344139, 4, E2000020820502291470D096, 5.773903685601553, -63, 865700
1664882748.345403, 4, E2000020820502290880CF9A, 3.847223816017188, -64, 865700
1664882748.346491, 4, E2000020820502291060CFEE, 5.356660911296659, -59, 865700
1664882748.352475, 4, E2000020820502291060CFEE, 5.356660911296659, -59, 865700
1664882748.353571, 4, E2000020820502290850CF92, 5.203262832508095, -57, 865700
1664882748.354897, 4, E2000020820502290860CF9E, 0.7915340865489908, -40, 865700
1664882748.356229, 4, E2000020820502291080CFEA, 0.37429131224409645, -68, 865700
1664882748.357804, 4, E2000020820502291650D0D2, 0.07363107781851078, -53, 865700
1664882748.362726, 4, E2000020820502290880CF9A, 3.9453985864418692, -64, 865700
1664882748.365275, 4, E2000020820502291470D096, 5.835262917116979, -63, 865700
1664882748.371776, 4, E2000020820502290850CF92, 5.129631754689584, -57, 865700
1664882748.372792, 4, E2000020820502290860CF9E, 0.803805932852076, -40, 865700
1664882748.373846, 4, E2000020820502291650D0D2, 0.04295146206079795, -53, 865700
1664882748.374954, 4, E2000020820502290880CF9A, 3.9147189706841563, -64, 865700
1664882748.376954, 4, E2000020820502291060CFEE, 5.313709449235861, -59, 865700
1664882748.378293, 4, E2000020820502291470D096, 5.872078456026235, -64, 865700
1664882748.379738, 4, E2000020820502291080CFEA, 0.5890486225480862, -68, 865700
1664882748.384632, 4, E2000020820502290850CF92, 5.154175447295755, -57, 865700
1664882748.386220, 4, E2000020820502291060CFEE, 5.399612373357457, -59, 865700
1664882748.387809, 4, E2000020820502291650D0D2, 0.0859029241215959, -54, 865700
1664882748.389349, 4, E2000020820502291470D096, 5.8659425328746915, -63, 865700
1664882748.390414, 4, E2000020820502290880CF9A, 3.9638063558964967, -64, 865700
1664882748.391487, 4, E2000020820502290860CF9E, 0.803805932852076, -40, 865700
1664882748.392563, 4, E2000020820502291080CFEA, 0.662679700366597, -67, 865700
1664882748.399342, 4, E2000020820502290850CF92, 5.117359908386499, -58, 865700
1664882748.401553, 4, E2000020820502291060CFEE, 5.381204603902829, -59, 865700
1664882748.402864, 4, E2000020820502290860CF9E, 0.8160777791551611, -40, 865700
1664882748.404462, 4, E2000020820502291470D096, 5.884350302329319, -63, 865700
1664882748.406046, 4, E2000020820502291080CFEA, 0.5583690067903734, -68, 865700
1664882748.407156, 4, E2000020820502291650D0D2, 0.06135923151542565, -53, 865700
1664882748.408960, 4, E2000020820502290880CF9A, 3.847223816017188, -63, 865700
1664882748.415327, 4, E2000020820502291080CFEA, 0.4663301595172349, -67, 865700
1664882748.416412, 4, E2000020820502290860CF9E, 0.803805932852076, -40, 865700
1664882748.419686, 4, E2000020820502291470D096, 5.872078456026235, -63, 865700
1664882748.421885, 4, E2000020820502291650D0D2, 0.09203884727313846, -53, 865700
1664882748.422990, 4, E2000020820502291060CFEE, 5.375068680751287, -59, 865700
1664882748.424455, 4, E2000020820502290850CF92, 5.148039524144211, -58, 865700
1664882748.425906, 4, E2000020820502290880CF9A, 3.847223816017188, -64, 865700
1664882748.429389, 4, E2000020820502291080CFEA, 0.5031456984264903, -68, 865700
1664882748.431619, 4, E2000020820502291650D0D2, 0.07976700097005335, -53, 865700
1664882748.433182, 4, E2000020820502290880CF9A, 3.9944859716542096, -65, 865700
1664882748.434247, 4, E2000020820502290850CF92, 5.135767677841127, -58, 865700
1664882748.435333, 4, E2000020820502290860CF9E, 0.7976700097005334, -40, 865700
1664882748.436862, 4, E2000020820502291060CFEE, 5.356660911296659, -59, 865700
1664882748.438937, 4, E2000020820502291470D096, 5.749359992995383, -63, 865700
1664882748.445775, 4, E2000020820502291080CFEA, 0.5399612373357456, -67, 865700
1664882748.448852, 4, E2000020820502291060CFEE, 5.313709449235861, -59, 865700
1664882748.450176, 4, E2000020820502291650D0D2, 0.09203884727313846, -53, 865700
1664882748.451273, 4, E2000020820502291470D096, 5.872078456026235, -63, 865700
1664882748.452346, 4, E2000020820502290860CF9E, 0.7976700097005334, -40, 865700
1664882748.453456, 4, E2000020820502290880CF9A, 4.147884050442774, -65, 865700
1664882748.454565, 4, E2000020820502290850CF92, 5.221670601962723, -58, 865700
1664882748.459027, 4, E2000020820502291650D0D2, 0.1043106935762236, -54, 865700
1664882748.460584, 4, E2000020820502291080CFEA, 0.2945243112740431, -69, 865700
1664882748.461614, 4, E2000020820502290860CF9E, 0.803805932852076, -40, 865700
1664882748.465487, 4, E2000020820502291470D096, 5.841398840268521, -64, 865700
1664882748.466976, 4, E2000020820502291060CFEE, 5.283029833478148, -59, 865700
1664882748.468310, 4, E2000020820502290880CF9A, 3.9208548938356986, -65, 865700
1664882748.470130, 4, E2000020820502290850CF92, 5.221670601962723, -58, 865700
1664882748.474828, 4, E2000020820502291650D0D2, 0.07363107781851078, -54, 865700
1664882748.476178, 4, E2000020820502290850CF92, 5.221670601962723, -58, 865700
1664882748.477192, 4, E2000020820502290860CF9E, 0.8099418560036186, -40, 865700
1664882748.480157, 4, E2000020820502291060CFEE, 5.283029833478148, -59, 865700
1664882748.482566, 4, E2000020820502291080CFEA, 0.380427235395639, -68, 865700
1664882748.483690, 4, E2000020820502291470D096, 5.890486225480862, -63, 865700
1664882748.484787, 4, E2000020820502290880CF9A, 3.9699422790480394, -64, 865700
1664882748.490477, 4, E2000020820502291650D0D2, 0.09203884727313846, -53, 865700
1664882748.492312, 4, E2000020820502290880CF9A, 3.761320891895592, -64, 865700
1664882748.494728, 4, E2000020820502291470D096, 5.8659425328746915, -64, 865700
1664882748.496190, 4, E2000020820502291080CFEA, 0.5583690067903734, -67, 865700
1664882748.497581, 4, E2000020820502290850CF92, 5.21553467881118, -58, 865700
1664882748.498940, 4, E2000020820502291060CFEE, 5.2339424482658075, -59, 865700
1664882748.500524, 4, E2000020820502290860CF9E, 0.7976700097005334, -40, 865700
1664882748.506015, 4, E2000020820502291060CFEE, 5.2339424482658075, -59, 865700
1664882748.507125, 4, E2000020820502290850CF92, 5.258486140871978, -58, 865700
1664882748.510168, 4, E2000020820502291470D096, 5.976389149602458, -64, 865700
1664882748.511550, 4, E2000020820502290860CF9E, 0.8099418560036186, -40, 865700
1664882748.512636, 4, E2000020820502291650D0D2, 0.0674951546669682, -53, 865700
1664882748.513940, 4, E2000020820502290880CF9A, 3.9515345095934116, -64, 865700
1664882748.515241, 4, E2000020820502291080CFEA, 0.380427235395639, -67, 865700
1664882748.519992, 4, E2000020820502290880CF9A, 3.9085830475326135, -65, 865700
1664882748.521773, 4, E2000020820502290860CF9E, 0.7976700097005334, -40, 865700
1664882748.522887, 4, E2000020820502291470D096, 5.9088939949354895, -64, 865700
1664882748.524749, 4, E2000020820502290850CF92, 5.190990986205009, -57, 865700
1664882748.526121, 4, E2000020820502291080CFEA, 0.4724660826687775, -68, 865700
1664882748.527698, 4, E2000020820502291650D0D2, 0.1043106935762236, -53, 865700
1664882748.529750, 4, E2000020820502291060CFEE, 5.221670601962723, -59, 865700
1664882748.539438, 4, E2000020820502291650D0D2, 0.1043106935762236, -53, 865700
1664882748.541450, 4, E2000020820502291060CFEE, 5.227806525114265, -59, 865700
1664882748.542518, 4, E2000020820502291470D096, 5.945709533844745, -63, 865700
1664882748.544339, 4, E2000020820502290880CF9A, 3.890175278077986, -64, 865700
1664882748.545480, 4, E2000020820502290860CF9E, 0.803805932852076, -40, 865700
1664882748.546578, 4, E2000020820502290850CF92, 5.264622064023521, -58, 865700
1664882748.547906, 4, E2000020820502291080CFEA, 0.5031456984264903, -68, 865700
1664882748.554433, 4, E2000020820502290860CF9E, 0.8099418560036186, -40, 865700
1664882748.555757, 4, E2000020820502291470D096, 5.970253226450915, -63, 865700
1664882748.557371, 4, E2000020820502291060CFEE, 5.227806525114265, -59, 865700
1664882748.558511, 4, E2000020820502290850CF92, 5.154175447295755, -58, 865700
1664882748.563975, 4, E2000020820502290880CF9A, 4.006757817957295, -64, 865700
1664882748.565447, 4, E2000020820502291080CFEA, 0.5767767762450011, -67, 865700
1664882748.566499, 4, E2000020820502291650D0D2, 0.09817477042468103, -53, 865700
1664882748.571133, 4, E2000020820502291080CFEA, 0.7117670855789375, -69, 865700
1664882748.573129, 4, E2000020820502291060CFEE, 5.154175447295755, -59, 865700
1664882748.574450, 4, E2000020820502290850CF92, 5.166447293598839, -57, 865700
1664882748.575545, 4, E2000020820502290880CF9A, 3.890175278077986, -65, 865700
1664882748.577354, 4, E2000020820502290860CF9E, 0.8160777791551611, -40, 865700
1664882748.579142, 4, E2000020820502291650D0D2, 0.11658253987930872, -53, 865700
1664882748.580187, 4, E2000020820502291470D096, 6.031612457966341, -63, 865700
1664882748.587467, 4, E2000020820502291470D096, 5.982525072754001, -64, 865700
1664882748.590478, 4, E2000020820502291650D0D2, 0.16566992509164924, -53, 865700
1664882748.591572, 4, E2000020820502291060CFEE, 5.2768939103266055, -59, 865700
1664882748.593125, 4, E2000020820502290860CF9E, 0.7976700097005334, -40, 865700
1664882748.594220, 4, E2000020820502290850CF92, 5.154175447295755, -57, 865700
1664882748.596372, 4, E2000020820502291080CFEA, 0.6013204688511713, -67, 865700
1664882748.597463, 4, E2000020820502290880CF9A, 3.9515345095934116, -64, 865700
1664882748.601013, 4, E2000020820502291650D0D2, 0.11658253987930872, -53, 865700
1664882748.603905, 4, E2000020820502291060CFEE, 5.258486140871978, -59, 865700
1664882748.605301, 4, E2000020820502291470D096, 5.921165841238575, -63, 865700
1664882748.607009, 4, E2000020820502290850CF92, 5.117359908386499, -57, 865700
1664882748.608137, 4, E2000020820502290860CF9E, 0.7976700097005334, -40, 865700
1664882748.609444, 4, E2000020820502290880CF9A, 3.988350048502667, -64, 865700
1664882748.610648, 4, E2000020820502291080CFEA, 0.3988350048502667, -67, 865700
1664882748.614424, 4, E2000020820502290850CF92, 5.080544369477243, -57, 865700
1664882748.616850, 4, E2000020820502290880CF9A, 4.04357335686655, -65, 865700
1664882748.618129, 4, E2000020820502291650D0D2, 0.1227184630308513, -53, 865700
1664882748.619746, 4, E2000020820502291060CFEE, 5.221670601962723, -59, 865700
1664882748.620817, 4, E2000020820502290860CF9E, 0.7915340865489908, -40, 865700
1664882748.621935, 4, E2000020820502291080CFEA, 0.6381360077604268, -68, 865700
1664882748.623019, 4, E2000020820502291470D096, 6.092971689481767, -63, 865700
1664882748.631368, 4, E2000020820502291470D096, 5.970253226450915, -62, 865700
1664882748.633638, 4, E2000020820502290880CF9A, 3.865631585471816, -64, 865700
1664882748.634683, 4, E2000020820502291060CFEE, 5.295301679781233, -59, 865700
1664882748.635734, 4, E2000020820502291650D0D2, 0.1227184630308513, -53, 865700
1664882748.636781, 4, E2000020820502291080CFEA, 0.3865631585471816, -67, 865700
1664882748.638616, 4, E2000020820502290860CF9E, 0.803805932852076, -40, 865700
1664882748.640919, 4, E2000020820502290850CF92, 5.086680292628786, -58, 865700
1664882748.645527, 4, E2000020820502290860CF9E, 0.8099418560036186, -40, 865700
1664882748.646652, 4, E2000020820502290850CF92, 5.086680292628786, -57, 865700
1664882748.648495, 4, E2000020820502291080CFEA, 0.5829126993965437, -68, 865700
1664882748.650253, 4, E2000020820502290880CF9A, 4.006757817957295, -63, 865700
1664882748.652094, 4, E2000020820502291060CFEE, 5.227806525114265, -59, 865700
1664882748.653486, 4, E2000020820502291650D0D2, 0.1227184630308513, -53, 865700
1664882748.655763, 4, E2000020820502291470D096, 6.013204688511713, -63, 865700
1664882748.661423, 4, E2000020820502291470D096, 6.000932842208628, -62, 865700
1664882748.662623, 4, E2000020820502290860CF9E, 0.803805932852076, -40, 865700
1664882748.665066, 4, E2000020820502290850CF92, 5.111223985234957, -57, 865700
1664882748.666186, 4, E2000020820502291080CFEA, 0.705631162427395, -67, 865700
1664882748.667236, 4, E2000020820502291650D0D2, 0.11658253987930872, -53, 865700
1664882748.668594, 4, E2000020820502291060CFEE, 5.221670601962723, -59, 865700
1664882748.669900, 4, E2000020820502290880CF9A, 3.9699422790480394, -63, 865700
1664882748.674356, 4, E2000020820502290850CF92, 5.043728830567988, -57, 865700
1664882748.675421, 4, E2000020820502291060CFEE, 5.135767677841127, -59, 865700
1664882748.679016, 4, E2000020820502291470D096, 5.982525072754001, -63, 865700
1664882748.680463, 4, E2000020820502290880CF9A, 4.0128937411088375, -63, 865700
1664882748.681762, 4, E2000020820502290860CF9E, 0.7976700097005334, -40, 865700
1664882748.682853, 4, E2000020820502291080CFEA, 0.37429131224409645, -67, 865700
1664882748.683918, 4, E2000020820502291650D0D2, 0.11658253987930872, -53, 865700
1664882748.689091, 4, E2000020820502291650D0D2, 0.09817477042468103, -53, 865700
1664882748.691560, 4, E2000020820502291060CFEE, 5.240078371417351, -59, 865700
1664882748.693689, 4, E2000020820502290850CF92, 5.031456984264903, -57, 865700
1664882748.694806, 4, E2000020820502290860CF9E, 0.7915340865489908, -40, 865700
1664882748.696609, 4, E2000020820502290880CF9A, 3.6754179677739964, -64, 865700
1664882748.698330, 4, E2000020820502291470D096, 5.93343768754166, -63, 865700
1664882748.700257, 4, E2000020820502291080CFEA, 0.37429131224409645, -67, 865700
1664882748.705065, 4, E2000020820502291060CFEE, 5.129631754689584, -59, 865700
1664882748.707529, 4, E2000020820502291080CFEA, 0.4172427743048944, -67, 865700
1664882748.708582, 4, E2000020820502291650D0D2, 0.14112623248547898, -53, 865700
1664882748.709667, 4, E2000020820502290860CF9E, 0.8099418560036186, -40, 865700
1664882748.710774, 4, E2000020820502290850CF92, 5.056000676871073, -58, 865700
1664882748.712489, 4, E2000020820502291470D096, 5.945709533844745, -63, 865700
1664882748.713610, 4, E2000020820502290880CF9A, 3.9085830475326135, -64, 865700
1664882748.718022, 4, E2000020820502291650D0D2, 0.11658253987930872, -53, 865700
1664882748.719848, 4, E2000020820502291060CFEE, 5.154175447295755, -59, 865700
1664882748.720907, 4, E2000020820502291080CFEA, 0.4970097752749477, -67, 865700
1664882748.725925, 4, E2000020820502290860CF9E, 0.803805932852076, -40, 865700
1664882748.727742, 4, E2000020820502290850CF92, 5.056000676871073, -58, 865700
1664882748.728841, 4, E2000020820502291470D096, 5.9088939949354895, -64, 865700
1664882748.730090, 4, E2000020820502290880CF9A, 3.9515345095934116, -64, 865700
1664882748.733612, 4, E2000020820502291470D096, 5.9518454569962875, -63, 865700
1664882748.736270, 4, E2000020820502290860CF9E, 0.7915340865489908, -40, 865700
1664882748.737735, 4, E2000020820502291650D0D2, 0.1043106935762236, -53, 865700
1664882748.739025, 4, E2000020820502291080CFEA, 0.5583690067903734, -68, 865700
1664882748.740159, 4, E2000020820502290880CF9A, 3.9392626632903265, -64, 865700
1664882748.741277, 4, E2000020820502291060CFEE, 5.209398755659637, -59, 865700
1664882748.742643, 4, E2000020820502290850CF92, 5.074408446325701, -57, 865700
1664882748.748139, 4, E2000020820502290860CF9E, 0.7915340865489908, -40, 865700
1664882748.750560, 4, E2000020820502291470D096, 5.9518454569962875, -64, 865700
1664882748.752258, 4, E2000020820502291060CFEE, 5.184855063053467, -59, 865700
1664882748.753411, 4, E2000020820502290880CF9A, 3.8717675086233583, -63, 865700
1664882748.754500, 4, E2000020820502291080CFEA, 0.4540583132141498, -68, 865700
1664882748.756045, 4, E2000020820502291650D0D2, 0.1227184630308513, -53, 865700
1664882748.758364, 4, E2000020820502290850CF92, 5.062136600022616, -58, 865700
1664882748.762105, 4, E2000020820502290880CF9A, 3.816544200259475, -65, 865700
1664882748.765414, 4, E2000020820502290850CF92, 5.074408446325701, -58, 865700
1664882748.766538, 4, E2000020820502291650D0D2, 0.1043106935762236, -53, 865700
1664882748.768563, 4, E2000020820502291080CFEA, 0.6381360077604268, -68, 865700
1664882748.769617, 4, E2000020820502290860CF9E, 0.8099418560036186, -40, 865700
1664882748.771754, 4, E2000020820502291060CFEE, 5.221670601962723, -59, 865700
1664882748.772840, 4, E2000020820502291470D096, 5.927301764390117, -63, 865700
1664882748.776558, 4, E2000020820502290860CF9E, 0.803805932852076, -40, 865700
1664882748.777638, 4, E2000020820502290880CF9A, 3.9269908169872414, -64, 865700
1664882748.780326, 4, E2000020820502291060CFEE, 5.221670601962723, -60, 865700
1664882748.781793, 4, E2000020820502291650D0D2, 0.12885438618239387, -53, 865700
1664882748.784006, 4, E2000020820502291080CFEA, 0.5031456984264903, -68, 865700
1664882748.785105, 4, E2000020820502291470D096, 5.890486225480862, -63, 865700
1664882748.786157, 4, E2000020820502290850CF92, 5.080544369477243, -58, 865700
1664882748.789773, 4, E2000020820502291060CFEE, 5.203262832508095, -59, 865700
1664882748.791380, 4, E2000020820502290850CF92, 5.074408446325701, -58, 865700
1664882748.793525, 4, E2000020820502290880CF9A, 3.8840393549264434, -64, 865700
1664882748.795133, 4, E2000020820502291470D096, 5.982525072754001, -64, 865700
1664882748.796710, 4, E2000020820502291080CFEA, 0.5092816215780329, -68, 865700
1664882748.799165, 4, E2000020820502291650D0D2, 0.09817477042468103, -53, 865700
1664882748.800223, 4, E2000020820502290860CF9E, 0.8160777791551611, -40, 865700
1664882748.806197, 4, E2000020820502291060CFEE, 5.197126909356553, -59, 865700
1664882748.807751, 4, E2000020820502290850CF92, 5.1725832167503825, -58, 865700
1664882748.810411, 4, E2000020820502290860CF9E, 0.8160777791551611, -40, 865700
1664882748.812310, 4, E2000020820502291080CFEA, 0.8651651643675016, -68, 865700
1664882748.814079, 4, E2000020820502291650D0D2, 0.14112623248547898, -53, 865700
1664882748.815116, 4, E2000020820502290880CF9A, 3.816544200259475, -65, 865700
1664882748.816813, 4, E2000020820502291470D096, 5.976389149602458, -63, 865700
1664882748.821878, 4, E2000020820502291470D096, 5.976389149602458, -63, 865700
1664882748.822981, 4, E2000020820502290860CF9E, 0.8099418560036186, -40, 865700
1664882748.824303, 4, E2000020820502290850CF92, 5.1725832167503825, -58, 865700
1664882748.825649, 4, E2000020820502291060CFEE, 5.240078371417351, -59, 865700
1664882748.826972, 4, E2000020820502291650D0D2, 0.11044661672776616, -53, 865700
1664882748.828357, 4, E2000020820502291080CFEA, 0.5583690067903734, -68, 865700
1664882748.831058, 4, E2000020820502290880CF9A, 3.9760782021995817, -64, 865700
1664882748.836546, 4, E2000020820502291060CFEE, 5.240078371417351, -59, 865700
1664882748.838105, 4, E2000020820502290880CF9A, 3.902447124381071, -65, 865700
1664882748.840734, 4, E2000020820502291650D0D2, 0.11658253987930872, -53, 865700
1664882748.842132, 4, E2000020820502290860CF9E, 0.8099418560036186, -40, 865700
1664882748.843200, 4, E2000020820502290850CF92, 5.209398755659637, -58, 865700
1664882748.844284, 4, E2000020820502291470D096, 5.921165841238575, -63, 865700
1664882748.846905, 4, E2000020820502291080CFEA, 0.5583690067903734, -68, 865700
1664882748.850963, 4, E2000020820502291650D0D2, 0.09817477042468103, -54, 865700
1664882748.853640, 4, E2000020820502291080CFEA, 0.5767767762450011, -68, 865700
1664882748.854973, 4, E2000020820502291060CFEE, 5.258486140871978, -59, 865700
1664882748.856525, 4, E2000020820502291470D096, 6.062292073724054, -63, 865700
1664882748.857849, 4, E2000020820502290860CF9E, 0.803805932852076, -40, 865700
1664882748.859158, 4, E2000020820502290850CF92, 5.227806525114265, -58, 865700
1664882748.862754, 4, E2000020820502290880CF9A, 3.822680123411018, -64, 865700
1664882748.866911, 4, E2000020820502290860CF9E, 0.8099418560036186, -40, 865700
1664882748.867991, 4, E2000020820502290880CF9A, 3.847223816017188, -64, 865700
1664882748.870057, 4, E2000020820502291060CFEE, 5.178719139901925, -59, 865700
1664882748.873001, 4, E2000020820502291470D096, 6.019340611663256, -64, 865700
1664882748.874708, 4, E2000020820502290850CF92, 5.221670601962723, -57, 865700
1664882748.876294, 4, E2000020820502291080CFEA, 0.5645049299419159, -68, 865700
1664882748.877843, 4, E2000020820502291650D0D2, 0.11658253987930872, -53, 865700
1664882748.883292, 4, E2000020820502291060CFEE, 5.246214294568893, -59, 865700
1664882748.885030, 4, E2000020820502290860CF9E, 0.8222137023067037, -40, 865700
1664882748.887402, 4, E2000020820502290880CF9A, 3.8717675086233583, -64, 865700
1664882748.888738, 4, E2000020820502291650D0D2, 0.16566992509164924, -53, 865700
1664882748.889811, 4, E2000020820502291470D096, 5.859806609723149, -63, 865700
1664882748.890872, 4, E2000020820502291080CFEA, 0.6013204688511713, -68, 865700
1664882748.891938, 4, E2000020820502290850CF92, 5.166447293598839, -58, 865700
1664882748.897113, 4, E2000020820502291650D0D2, 0.1227184630308513, -54, 865700
1664882748.899323, 4, E2000020820502291080CFEA, 0.7240389318820226, -69, 865700
1664882748.900644, 4, E2000020820502290850CF92, 5.1725832167503825, -57, 865700
1664882748.902211, 4, E2000020820502290860CF9E, 0.8222137023067037, -40, 865700
1664882748.903378, 4, E2000020820502290880CF9A, 3.9515345095934116, -64, 865700
1664882748.904450, 4, E2000020820502291470D096, 5.915029918087033, -63, 865700
1664882748.905540, 4, E2000020820502291060CFEE, 5.264622064023521, -59, 865700
1664882748.912831, 4, E2000020820502291060CFEE, 5.240078371417351, -59, 865700
1664882748.914170, 4, E2000020820502290860CF9E, 0.8160777791551611, -40, 865700
1664882748.916045, 4, E2000020820502290850CF92, 5.141903600992669, -57, 865700
1664882748.917318, 4, E2000020820502291080CFEA, 0.6381360077604268, -68, 865700
1664882748.918412, 4, E2000020820502290880CF9A, 4.000621894805752, -64, 865700
1664882748.921183, 4, E2000020820502291470D096, 5.976389149602458, -63, 865700
1664882748.925898, 4, E2000020820502291650D0D2, 0.14112623248547898, -53, 865700
1664882748.930449, 4, E2000020820502291060CFEE, 5.178719139901925, -59, 865700
1664882748.932497, 4, E2000020820502291470D096, 5.9518454569962875, -63, 865700
1664882748.934191, 4, E2000020820502290850CF92, 5.135767677841127, -57, 865700
1664882748.935730, 4, E2000020820502290860CF9E, 0.803805932852076, -40, 865700
1664882748.937930, 4, E2000020820502290880CF9A, 3.9269908169872414, -64, 865700
1664882748.939192, 4, E2000020820502291080CFEA, 0.7976700097005334, -68, 865700
1664882748.941237, 4, E2000020820502291650D0D2, 0.14112623248547898, -53, 865700
1664882748.946207, 4, E2000020820502290880CF9A, 3.9085830475326135, -65, 865700
1664882748.948157, 4, E2000020820502291470D096, 5.8659425328746915, -63, 865700
1664882748.949440, 4, E2000020820502290860CF9E, 0.8099418560036186, -40, 865700
1664882748.951464, 4, E2000020820502291080CFEA, 0.6320000846088841, -67, 865700
1664882748.952547, 4, E2000020820502290850CF92, 5.135767677841127, -57, 865700
1664882748.953699, 4, E2000020820502291650D0D2, 0.09817477042468103, -53, 865700
1664882748.955783, 4, E2000020820502291060CFEE, 5.295301679781233, -59, 865700
1664882748.962648, 4, E2000020820502290860CF9E, 0.803805932852076, -40, 865700
1664882748.964781, 4, E2000020820502290880CF9A, 3.988350048502667, -64, 865700
1664882748.965805, 4, E2000020820502291650D0D2, 0.14112623248547898, -53, 865700
1664882748.967719, 4, E2000020820502291080CFEA, 0.6320000846088841, -68, 865700
1664882748.969664, 4, E2000020820502291470D096, 5.8659425328746915, -63, 865700
1664882748.970776, 4, E2000020820502290850CF92, 5.129631754689584, -57, 865700
1664882748.971893, 4, E2000020820502291060CFEE, 5.190990986205009, -59, 865700
1664882748.975759, 4, E2000020820502291650D0D2, 0.11658253987930872, -53, 865700
1664882748.978427, 4, E2000020820502291470D096, 5.853670686571607, -64, 865700
1664882748.979521, 4, E2000020820502290880CF9A, 4.074252972624263, -64, 865700
1664882748.981102, 4, E2000020820502290860CF9E, 0.8099418560036186, -40, 865700
1664882748.982661, 4, E2000020820502291060CFEE, 5.21553467881118, -59, 865700
1664882748.984508, 4, E2000020820502290850CF92, 5.166447293598839, -57, 865700
1664882748.986479, 4, E2000020820502291080CFEA, 0.7547185476397354, -67, 865700
1664882748.991809, 4, E2000020820502290880CF9A, 4.0558452031696355, -64, 865700
1664882748.993153, 4, E2000020820502291470D096, 5.976389149602458, -63, 865700
1664882748.995184, 4, E2000020820502290850CF92, 5.154175447295755, -58, 865700
1664882748.998030, 4, E2000020820502290860CF9E, 0.8160777791551611, -40, 865700
1664882748.999105, 4, E2000020820502291060CFEE, 5.227806525114265, -59, 865700
1664882749.000597, 4, E2000020820502291650D0D2, 0.11044661672776616, -54, 865700
1664882749.003475, 4, E2000020820502291080CFEA, 0.6994952392758523, -67, 865700
1664882749.008487, 4, E2000020820502291080CFEA, 0.5583690067903734, -67, 865700
1664882749.010923, 4, E2000020820502291060CFEE, 5.264622064023521, -59, 865700
1664882749.012828, 4, E2000020820502291470D096, 5.8659425328746915, -63, 865700
1664882749.013897, 4, E2000020820502291650D0D2, 0.11658253987930872, -53, 865700
1664882749.014970, 4, E2000020820502290860CF9E, 0.803805932852076, -40, 865700
1664882749.017144, 4, E2000020820502290880CF9A, 3.988350048502667, -64, 865700
1664882749.018422, 4, E2000020820502290850CF92, 5.135767677841127, -57, 865700
1664882749.022527, 4, E2000020820502291060CFEE, 5.246214294568893, -59, 865700
1664882749.024971, 4, E2000020820502291470D096, 5.896622148632405, -63, 865700
1664882749.026322, 4, E2000020820502291650D0D2, 0.16566992509164924, -53, 865700
1664882749.027421, 4, E2000020820502290860CF9E, 0.803805932852076, -40, 865700
1664882749.029983, 4, E2000020820502291080CFEA, 0.6688156235181395, -67, 865700
1664882749.031575, 4, E2000020820502290850CF92, 5.098952138931871, -58, 865700
1664882749.033042, 4, E2000020820502290880CF9A, 3.9576704327449543, -64, 865700
1664882749.039804, 4, E2000020820502291080CFEA, 0.607456392002714, -67, 865700
1664882749.042011, 4, E2000020820502290860CF9E, 0.803805932852076, -40, 865700
1664882749.043333, 4, E2000020820502290880CF9A, 3.9638063558964967, -65, 865700
1664882749.044405, 4, E2000020820502291060CFEE, 5.252350217720435, -59, 865700
1664882749.046210, 4, E2000020820502291650D0D2, 0.1043106935762236, -53, 865700
1664882749.047462, 4, E2000020820502290850CF92, 5.098952138931871, -58, 865700
1664882749.048534, 4, E2000020820502291470D096, 5.884350302329319, -63, 865700
1664882749.053154, 4, E2000020820502290880CF9A, 4.086524818927348, -64, 865700
1664882749.054736, 4, E2000020820502291470D096, 5.853670686571607, -64, 865700
1664882749.055859, 4, E2000020820502290850CF92, 5.086680292628786, -58, 865700
1664882749.058314, 4, E2000020820502291060CFEE, 5.313709449235861, -59, 865700
1664882749.059400, 4, E2000020820502290860CF9E, 0.803805932852076, -40, 865700
1664882749.060695, 4, E2000020820502291650D0D2, 0.0859029241215959, -54, 865700
1664882749.062761, 4, E2000020820502291080CFEA, 0.6258641614573416, -67, 865700
1664882749.070560, 4, E2000020820502290860CF9E, 0.8099418560036186, -40, 865700
1664882749.071889, 4, E2000020820502291060CFEE, 5.270757987175063, -59, 865700
1664882749.074281, 4, E2000020820502291470D096, 5.822991070813893, -64, 865700
1664882749.075915, 4, E2000020820502291650D0D2, 0.12885438618239387, -54, 865700
1664882749.076989, 4, E2000020820502291080CFEA, 0.7117670855789375, -67, 865700
1664882749.078822, 4, E2000020820502290850CF92, 5.154175447295755, -58, 865700
1664882749.080130, 4, E2000020820502290880CF9A, 4.123340357836604, -65, 865700
1664882749.085580, 4, E2000020820502290860CF9E, 0.7976700097005334, -40, 865700
1664882749.087294, 4, E2000020820502291080CFEA, 0.5890486225480862, -67, 865700
1664882749.089497, 4, E2000020820502290880CF9A, 4.1417481272912315, -64, 865700
1664882749.090621, 4, E2000020820502291650D0D2, 0.11044661672776616, -53, 865700
1664882749.093677, 4, E2000020820502290850CF92, 5.129631754689584, -59, 865700
1664882749.095161, 4, E2000020820502291470D096, 5.878214379177777, -63, 865700
1664882749.096248, 4, E2000020820502291060CFEE, 5.264622064023521, -59, 865700
1664882749.100488, 4, E2000020820502291650D0D2, 0.1227184630308513, -54, 865700
1664882749.102171, 4, E2000020820502291470D096, 5.755495916146925, -64, 865700
1664882749.103920, 4, E2000020820502290850CF92, 5.135767677841127, -59, 865700
1664882749.105489, 4, E2000020820502290860CF9E, 0.803805932852076, -40, 865700
1664882749.106506, 4, E2000020820502291060CFEE, 5.258486140871978, -59, 865700
1664882749.107573, 4, E2000020820502290880CF9A, 3.9576704327449543, -64, 865700
1664882749.109499, 4, E2000020820502291080CFEA, 0.5399612373357456, -66, 865700
1664882749.114113, 4, E2000020820502290860CF9E, 0.803805932852076, -40, 865700
1664882749.117376, 4, E2000020820502291080CFEA, 0.5767767762450011, -67, 865700
1664882749.118785, 4, E2000020820502291470D096, 5.841398840268521, -63, 865700
1664882749.119879, 4, E2000020820502290880CF9A, 4.135612204139688, -64, 865700
1664882749.121245, 4, E2000020820502291650D0D2, 0.0859029241215959, -54, 865700
1664882749.122306, 4, E2000020820502291060CFEE, 5.301437602932776, -59, 865700
1664882749.123772, 4, E2000020820502290850CF92, 5.129631754689584, -59, 865700
1664882749.128147, 4, E2000020820502290880CF9A, 4.1417481272912315, -65, 865700
1664882749.131557, 4, E2000020820502291650D0D2, 0.1227184630308513, -54, 865700
1664882749.133039, 4, E2000020820502290860CF9E, 0.7976700097005334, -40, 865700
1664882749.134986, 4, E2000020820502290850CF92, 5.105088062083414, -58, 865700
1664882749.136779, 4, E2000020820502291470D096, 5.7616318392984684, -63, 865700
1664882749.137896, 4, E2000020820502291060CFEE, 5.264622064023521, -59, 865700
1664882749.139114, 4, E2000020820502291080CFEA, 0.5706408530934585, -67, 865700
1664882749.144208, 4, E2000020820502291470D096, 5.921165841238575, -63, 865700
1664882749.145523, 4, E2000020820502291060CFEE, 5.246214294568893, -59, 865700
1664882749.146606, 4, E2000020820502290850CF92, 5.203262832508095, -59, 865700
1664882749.147666, 4, E2000020820502291080CFEA, 0.607456392002714, -67, 865700
1664882749.149243, 4, E2000020820502290880CF9A, 3.9147189706841563, -64, 865700
1664882749.151546, 4, E2000020820502290860CF9E, 0.7915340865489908, -40, 865700
1664882749.153041, 4, E2000020820502291650D0D2, 0.16566992509164924, -54, 865700
1664882749.160521, 4, E2000020820502291470D096, 5.841398840268521, -63, 865700
1664882749.162017, 4, E2000020820502290850CF92, 5.227806525114265, -59, 865700
1664882749.163072, 4, E2000020820502290860CF9E, 0.7976700097005334, -40, 865700
1664882749.164433, 4, E2000020820502291080CFEA, 0.4970097752749477, -68, 865700
1664882749.165522, 4, E2000020820502291060CFEE, 5.221670601962723, -59, 865700
1664882749.166676, 4, E2000020820502291650D0D2, 0.07363107781851078, -54, 865700
1664882749.168637, 4, E2000020820502290880CF9A, 3.9944859716542096, -64, 865700
1664882749.172513, 4, E2000020820502291060CFEE, 5.301437602932776, -59, 865700
1664882749.173632, 4, E2000020820502291080CFEA, 0.6442719309119693, -68, 865700
1664882749.175212, 4, E2000020820502290860CF9E, 0.7976700097005334, -40, 865700
1664882749.176313, 4, E2000020820502291470D096, 5.6941366846315, -64, 865700
1664882749.178880, 4, E2000020820502290880CF9A, 4.0128937411088375, -63, 865700
1664882749.183907, 4, E2000020820502290850CF92, 5.295301679781233, -59, 865700
1664882749.185089, 4, E2000020820502291650D0D2, 0.09203884727313846, -54, 865700
1664882749.189442, 4, E2000020820502291650D0D2, 0.1227184630308513, -54, 865700
1664882749.191287, 4, E2000020820502290880CF9A, 4.080388895775806, -65, 865700
1664882749.192825, 4, E2000020820502290860CF9E, 0.7853981633974483, -40, 865700
1664882749.193966, 4, E2000020820502290850CF92, 5.344389064993574, -59, 865700
1664882749.198900, 4, E2000020820502291060CFEE, 5.252350217720435, -59, 865700
1664882749.200372, 4, E2000020820502291080CFEA, 0.5154175447295755, -68, 865700
1664882749.201456, 4, E2000020820502291470D096, 5.767767762450011, -64, 865700
1664882749.205903, 4, E2000020820502291060CFEE, 5.283029833478148, -59, 865700
1664882749.206960, 4, E2000020820502290860CF9E, 0.7976700097005334, -40, 865700
1664882749.208339, 4, E2000020820502290880CF9A, 4.123340357836604, -63, 865700
1664882749.210170, 4, E2000020820502290850CF92, 5.283029833478148, -59, 865700
1664882749.212482, 4, E2000020820502291650D0D2, 0.1349903093339364, -54, 865700
1664882749.213824, 4, E2000020820502291470D096, 6.007068765360171, -63, 865700
1664882749.215422, 4, E2000020820502291080CFEA, 0.6013204688511713, -67, 865700
1664882749.225974, 4, E2000020820502291650D0D2, 0.1595340019401067, -54, 865700
1664882749.227125, 4, E2000020820502290880CF9A, 4.061981126321178, -64, 865700
1664882749.228235, 4, E2000020820502290850CF92, 5.307573526084319, -59, 865700
1664882749.230283, 4, E2000020820502291470D096, 5.896622148632405, -63, 865700
1664882749.231866, 4, E2000020820502291060CFEE, 5.2339424482658075, -59, 865700
1664882749.233495, 4, E2000020820502290860CF9E, 0.7976700097005334, -40, 865700
1664882749.236318, 4, E2000020820502291080CFEA, 0.5460971604872883, -68, 865700
